135 7 2210
0 0.0000 13.5148 31.3249 32.3447 34.4577 35.6931 37.6563 39.7555 36.2802 35.3553 32.6671 34.3071 33.0074 29.7700 32.3883 31.4006 26.8002 14.1421 15.0333 28.3019 15.0333 7.8186 7.8918 8.0281 8.1216 10.9836 13.0000 15.8808 17.4072 20.7328 17.2627 15.8928 13.8708 34.6554 17.0000 24.8244 24.8040 26.4008 25.5906 26.4197 29.2933 31.1617 31.0161 28.9696 28.9696 25.9656 8.0623 9.7908 15.2801 17.5727 19.1031 19.0234 18.9011 20.8022 19.7061 20.3571 20.9995 20.6189 19.0118 13.5772 13.4718 15.9762 17.1825 19.1050 14.1223 48.0833 10.2956 25.4951 39.8246 53.4883 53.1413 13.0000 6.4031 7.2801 10.4403 11.9604 12.7472 13.3417 15.0333 21.2132 35.3836 61.3270 15.1327 45.5412 40.3113 40.3113 39.3954 26.0768 32.5576 22.8035 21.9064 6.1847 23.2106 23.6239 24.0354 27.2947 24.7758 23.7065 24.1868 24.3187 23.7539 22.6883 21.4672 21.0950 21.9864 21.6012 144.1700 146.6697 146.7685 143.5688 79.6241 79.2023 78.7909 79.4796 112.2185 102.1078 79.0063 72.0000 9.0554 58.5235 119.2518 91.7878 80.5295 80.3197 80.1124 78.9953 79.7057 80.6226 80.2309 79.8499 47.4131 79.0000 60.9262 21.0238 12.8156 
30 13.5148 0.0000 21.6379 20.4561 24.8073 25.9625 27.9508 30.7774 27.3386 26.2612 24.2167 26.7329 25.5163 24.6028 27.2369 26.4055 22.1923 24.5082 25.7847 41.5000 26.2155 12.8413 8.8119 8.1216 8.5843 12.0071 10.6042 13.2593 12.4740 12.8016 10.4139 8.2807 3.4713 36.4726 5.2393 12.0208 12.2528 14.2580 14.0289 15.0163 17.3612 19.7018 19.8305 17.6343 17.6343 15.3551 20.3630 4.1146 2.3000 4.0804 5.9615 6.0729 6.0166 8.2000 7.6105 8.3150 9.1088 9.1088 8.2000 5.6613 4.2802 4.1000 4.1485 11.6039 7.3246 61.5910 18.8481 20.7280 37.7525 49.0230 48.4546 21.7589 7.1449 7.7621 6.2008 1.5556 5.3310 6.9318 11.4039 12.7142 36.8978 66.9257 27.3029 54.9441 47.3904 47.3904 46.4010 27.1118 27.7966 20.4120 18.7110 11.8406 16.7523 13.5713 13.9445 15.1212 13.0465 11.8512 11.9854 11.9101 11.4935 10.1139 8.8527 8.8685 9.7165 10.2078 153.2274 155.2541 155.2838 149.6204 84.7009 84.4219 84.1537 85.3642 122.3726 112.9781 88.6479 81.8013 21.2144 70.5312 125.7309 97.0600 85.6601 85.5208 85.3841 84.2864 85.1190 86.0851 85.8339 85.5935 60.3245 88.7539 66.7072 20.3482 4.6098 
226 31.3249 21.6379 0.0000 7.1197 3.2000 4.4102 6.4070 9.1679 5.8310 4.7170 3.8949 7.0491 6.4622 10.7564 11.7835 11.7068 11.4586 44.8470 45.9549 58.7541 36.7022 25.1623 23.4540 23.2998 23.2131 21.6271 18.8322 16.9685 14.5836 10.6320 14.0943 15.4871 24.6221 57.5852 24.0759 12.4619 11.5935 9.4641 8.4599 7.4947 7.5452 5.5027 4.5880 5.7385 5.7385 6.3891 39.3605 25.1390 22.0955 20.0811 16.8244 16.3817 16.3218 14.3024 14.2618 13.6125 12.8160 12.6147 13.4729 18.1541 18.8011 17.5514 17.9234 31.1328 28.4986 76.3521 39.6365 40.0281 57.1056 65.8411 65.0911 42.6339 26.6543 28.6016 27.7966 22.5978 26.8287 28.3099 32.6719 31.0846 57.9107 88.5124 39.1618 56.8318 46.0744 46.0744 45.1270 22.4154 12.7769 15.3379 14.1993 25.9307 9.5268 8.1154 7.7233 9.1241 9.4366 10.5190 10.9659 11.4390 11.4061 12.9248 13.8539 13.3135 12.7016 11.5447 174.6003 176.7508 176.7949 171.1726 106.1699 105.9172 105.6733 106.9507 143.2566 133.3771 109.7481 102.8185 40.3417 89.7845 147.3433 118.5380 107.1366 107.0103 106.8862 105.7941 106.6445 107.6162 107.3855 107.1637 78.0670 109.8046 88.3111 41.4663 26.1031 
37 32.3447 20.4561 7.1197 0.0000 8.3217 8.7966 10.2069 13.7361 11.3811 10.4010 10.8812 13.9284 13.5163 17.7011 18.8939 18.7771 17.9201 44.8529 46.0845 60.5358 40.3061 27.5000 24.8697 24.5253 24.5963 24.2640 21.2927 20.4044 17.7722 13.3869 16.3028 16.8630 22.7495 54.4847 21.3396 8.8051 8.3150 6.1984 6.7543 5.9682 3.1048 1.8682 2.7166 3.6797 3.6797 7.0036 40.0921 24.4499 20.1559 17.7071 14.6769 14.4392 14.4682 12.2642 12.9541 12.2528 11.5135 11.7745 13.3330 18.7830 18.9233 16.7720 16.3248 27.8097 26.3002 79.2602 39.2757 36.1134 52.7881 60.4200 59.6237 42.2064 26.7541 28.1101 26.5590 21.7589 25.0577 26.3093 30.3279 27.2943 54.7008 86.0452 42.4662 62.7932 52.4155 52.4155 51.4488 28.6458 19.8842 21.0090 19.5256 27.8196 14.3600 9.4069 9.0510 5.3460 7.5961 8.7281 8.4723 8.5709 8.9627 10.3817 11.6250 11.6181 10.7490 10.7541 173.4295 175.3003 175.3048 168.4262 103.3140 103.1222 102.9397 104.4269 142.8082 133.4233 109.0421 102.2222 41.0241 90.6564 144.8744 115.6710 104.2947 104.1985 104.1047 103.0298 103.9239 104.9084 104.7386 104.5781 79.7382 109.1631 85.9196 38.6650 24.3742 
24 34.4577 24.8073 3.2000 8.3217 0.0000 1.2369 3.2140 6.1098 3.1113 2.0809 3.6401 6.0208 6.0531 11.5317 11.8377 12.0304 12.9530 48.0305 49.1318 61.7392 39.3285 28.1514 26.5754 26.4394 26.3388 24.5904 21.8525 19.8215 17.5328 13.7317 17.2026 18.6550 27.7505 60.6278 27.1022 15.1717 14.3558 12.1314 11.3653 10.3619 9.7309 7.2139 6.4444 8.2152 8.2152 9.4921 42.5033 28.3346 25.2073 23.1320 19.8761 19.4535 19.4031 17.3367 17.3770 16.7147 15.9126 15.7509 16.6589 21.3460 22.0009 20.7280 21.0440 34.0959 31.6078 79.0780 42.8337 42.8991 59.9060 68.2842 67.5139 45.8315 29.8485 31.8014 30.9763 25.7857 29.9723 31.4377 35.7761 33.9578 60.9371 91.6457 41.8632 58.2334 47.1861 47.1861 46.2615 23.8271 12.8269 17.3358 16.4347 28.9841 12.1803 11.3111 10.9165 11.6503 12.3713 13.5030 13.8539 14.2762 14.3171 15.8597 16.8550 16.3747 15.7191 14.6697 177.8003 179.9481 179.9915 174.2886 109.2654 109.0199 108.7829 110.0824 146.4422 136.5355 112.9439 106.0119 43.4871 92.8748 150.4850 121.6344 110.2340 110.1112 109.9906 108.9003 109.7558 110.7291 110.5049 110.2893 81.0514 112.9988 91.4512 44.5323 29.2481 
36 35.6931 25.9625 4.4102 8.7966 1.2369 0.0000 2.0000 5.1478 2.6926 2.0000 4.4654 6.3388 6.6098 12.2984 12.3693 12.6491 13.9014 49.2544 50.3587 62.9682 40.4969 29.3825 27.8115 27.6740 27.5746 25.8194 23.0868 21.0381 18.7619 14.9683 18.4391 19.8842 28.8721 61.6847 28.1603 16.1012 15.3114 13.0614 12.3968 11.3842 10.5119 7.9025 7.2111 9.1236 9.1236 10.6212 43.7379 29.5205 26.3188 24.2074 20.9554 20.5448 20.5000 18.4101 18.4968 17.8272 17.0229 16.8861 17.8340 22.5641 23.2054 21.8916 22.1639 35.1141 32.7145 80.2621 44.0454 43.8634 60.8276 69.0290 68.2495 47.0425 31.0644 33.0000 32.1403 26.9602 31.1045 32.5576 36.8782 34.9285 61.9839 92.7631 43.0465 59.0593 47.9270 47.9270 47.0106 24.6982 13.3417 18.3848 17.5411 30.2200 13.3765 12.5016 12.1037 12.5300 13.4104 14.5602 14.8661 15.2643 15.3379 16.8867 17.9120 17.4642 16.7869 15.7991 179.0000 181.1353 181.1767 175.3910 110.3540 110.1136 109.8818 111.1980 147.6652 137.7679 114.1578 107.2287 44.7214 94.1116 151.6080 122.7233 111.3239 111.2036 111.0856 109.9966 110.8558 111.8302 111.6109 111.4002 82.2800 114.2147 92.5743 45.6070 30.3816 
1 37.6563 27.9508 6.4070 10.2069 3.2140 2.0000 0.0000 3.5355 2.6926 2.8284 5.8258 6.8542 7.4626 13.3135 13.0000 13.4164 15.2069 51.2445 52.3450 64.8460 42.1900 31.2751 29.7705 29.6420 29.5357 27.7027 25.0000 22.8779 20.6497 16.9248 20.3961 21.8673 30.8415 63.6003 30.0832 17.9234 17.1593 14.8930 14.3136 13.2966 12.2188 9.5525 8.9443 10.9563 10.9563 12.6020 45.7056 31.5192 28.2821 26.1457 22.8983 22.4964 22.4555 20.3502 20.4678 19.7942 18.9889 18.8664 19.8305 24.5589 25.2050 23.8839 24.1338 37.0000 34.6733 81.9878 46.0435 45.6946 62.6099 70.6045 69.8140 49.0408 33.0606 35.0000 34.1321 28.9560 33.0801 34.5254 38.8330 36.7696 63.8905 94.7259 44.7772 60.0333 48.7545 48.7545 47.8539 25.8070 13.9284 19.8494 19.1230 32.1442 15.1700 14.5014 14.1032 14.3178 15.3310 16.4924 16.7631 17.1406 17.2409 18.7926 19.8404 19.4165 18.7243 17.7767 181.0000 183.1338 183.1748 177.3415 112.2943 112.0580 111.8302 113.1592 149.6563 139.7426 116.1551 109.2245 46.6905 96.0469 153.5741 124.6635 113.2652 113.1470 113.0310 111.9431 112.8051 113.7805 113.5650 113.3578 84.1546 116.2110 94.5410 47.5395 32.3580 
31 39.7555 30.7774 9.1679 13.7361 6.1098 5.1478 3.5355 0.0000 3.5000 4.5277 7.1021 6.4405 7.5293 13.1244 12.1037 12.7475 15.5322 53.5584 54.6123 66.4267 43.1567 33.0171 31.8713 31.8064 31.6522 29.4269 26.8794 24.4724 22.4591 19.1167 22.5499 24.2008 33.7891 66.7271 33.2039 21.2426 20.4436 18.2016 17.4751 16.4712 15.6461 13.0096 12.3491 14.2667 14.2667 15.5502 47.8174 34.1901 31.2631 29.2250 25.9679 25.5361 25.4804 23.4335 23.4293 22.7774 21.9791 21.7816 22.5887 27.0118 27.7721 26.6822 27.0913 40.2057 37.6662 82.9729 48.5026 48.9949 65.9735 74.1114 73.3246 51.5024 35.5035 37.5832 36.9121 31.6931 35.9901 37.4767 41.8390 40.0562 67.0410 97.6755 45.8530 59.2157 47.6917 47.6917 46.8241 25.4657 12.9035 20.4083 19.9922 34.0331 16.7371 17.2131 16.8345 17.6777 18.4808 19.6087 19.9625 20.3789 20.4267 21.9695 22.9595 22.4611 21.8197 20.7126 183.5170 185.7431 185.7969 180.3400 115.3365 115.0848 114.8412 116.1142 151.9358 141.8467 118.5517 111.5908 48.8109 97.8902 156.5008 127.7047 116.3035 116.1777 116.0539 114.9620 115.8123 116.7840 116.5526 116.3293 85.7001 118.5854 97.4705 50.6211 35.2639 
24 36.2802 27.3386 5.8310 11.3811 3.1113 2.6926 2.6926 3.5000 0.0000 1.1180 3.7000 4.1629 4.8415 10.7005 10.3078 10.7355 12.7475 50.0625 51.1200 63.0892 40.0656 29.6138 28.3924 28.3196 28.1711 26.0248 23.4361 21.1009 19.0252 15.6205 19.0591 20.7010 30.3916 63.4054 29.9040 18.1797 17.3404 15.1476 14.2664 13.2834 12.8316 10.3247 9.5525 11.2645 11.2645 12.2090 44.3424 30.7117 27.8842 25.9046 22.6491 22.2000 22.1359 20.1316 20.0569 19.4180 18.6261 18.3927 19.1416 23.5136 24.2825 23.2398 23.7084 36.9628 34.2854 79.8890 45.0028 45.8394 62.8908 71.3810 70.6134 48.0026 32.0039 34.0918 33.4552 28.2294 32.5751 34.0771 38.4610 36.8951 63.7358 94.2563 42.7112 57.3694 46.0679 46.0679 45.1691 23.2002 11.2361 17.5000 16.9098 30.5941 13.3522 13.7674 13.3959 14.7054 15.2542 16.3478 16.7705 17.2235 17.2192 18.7459 19.6848 19.1377 18.5324 17.3367 180.0174 182.2478 182.3026 176.9357 111.9565 111.6971 111.4462 112.6954 148.4461 138.3808 115.0532 108.0937 45.3349 94.4788 153.0694 124.3232 112.9214 112.7918 112.6643 111.5706 112.4155 113.3854 113.1470 112.9170 82.3787 115.0880 94.0439 47.2784 31.8479 
30 35.3553 26.2612 4.7170 10.4010 2.0809 2.0000 2.8284 4.5277 1.1180 0.0000 3.0232 4.3566 4.7424 10.5475 10.4403 10.7703 12.3794 49.0918 50.1597 62.2977 39.4462 28.7772 27.4642 27.3761 27.2389 25.1921 22.5610 20.3027 18.1662 14.6578 18.1108 19.7124 29.2985 62.2977 28.7924 17.0660 16.2247 14.0357 13.1484 12.1655 11.7516 9.2763 8.4853 10.1607 10.1607 11.1000 43.4166 29.6624 26.7858 24.7952 21.5390 21.0924 21.0297 19.0192 18.9560 18.3142 17.5208 17.2957 18.0679 22.5020 23.2484 22.1639 22.6106 35.8469 33.1879 79.2591 44.0000 44.7214 61.7738 70.2922 69.5270 47.0000 31.0000 33.0606 32.3883 27.1671 31.4879 32.9848 37.3631 35.7771 62.6259 93.1719 42.0595 57.3062 46.0977 46.0977 45.1885 23.0217 11.4018 17.0294 16.3368 29.7195 12.5591 12.6921 12.3167 13.6015 14.1365 15.2315 15.6525 16.1059 16.1012 17.6284 18.5699 18.0278 17.4184 16.2361 179.0112 181.2236 181.2760 175.8465 110.8603 110.6029 110.3540 111.6109 147.4890 137.4627 114.0702 107.1168 44.4072 93.6216 151.9901 123.2274 111.8258 111.6971 111.5706 110.4774 111.3239 112.2943 112.0580 111.8302 81.5966 114.1096 92.9624 46.1736 30.7610 
24 32.6671 24.2167 3.8949 10.8812 3.6401 4.4654 5.8258 7.1021 3.7000 3.0232 0.0000 3.1623 2.6476 7.8924 8.3150 8.4345 9.4493 46.5182 47.5557 59.3897 36.4299 25.9278 24.7891 24.7396 24.5736 22.3379 19.7773 17.4040 15.3574 12.1066 15.5029 17.2290 27.3865 60.5239 27.1503 16.0776 15.1743 13.1522 11.9474 11.0535 11.4280 9.3622 8.4581 9.5802 9.5802 9.5964 40.7276 27.4233 24.9419 23.1262 19.9010 19.4116 19.3259 17.4542 17.1898 16.5955 15.8316 15.4945 16.0353 20.0998 20.9459 20.1241 20.7793 34.3036 31.3129 76.2466 41.5348 43.3260 60.4743 69.5208 68.7833 44.5325 28.5507 30.7236 30.2513 25.0122 29.5115 31.0538 35.4844 34.4026 60.8896 91.1216 39.0530 54.6181 43.5470 43.5470 42.6232 20.2371 9.3134 14.0264 13.3135 26.9312 9.6566 10.7336 10.4000 12.8973 12.8600 13.8398 14.4201 14.9459 14.8219 16.2807 17.0816 16.4177 15.9154 14.4931 176.5388 178.8204 178.8830 173.8262 108.9162 108.6386 108.3695 109.5570 144.8666 134.7484 111.5237 104.5521 41.7222 90.7983 149.8904 121.2763 109.8760 109.7374 109.6008 108.5029 109.3341 110.2993 110.0434 109.7959 78.6787 111.5488 90.8886 44.3705 28.7837 
24 34.3071 26.7329 7.0491 13.9284 6.0208 6.3388 6.8542 6.4405 4.1629 4.3566 3.1623 0.0000 1.3000 6.7179 6.1465 6.5863 9.1066 48.3175 49.3009 60.3770 36.8155 27.2259 26.5047 26.5272 26.3093 23.6546 21.3115 18.6424 16.9012 14.2201 17.4522 19.3380 29.9923 63.1615 29.9363 19.1659 18.2521 16.2733 15.0073 14.1428 14.5890 12.4776 11.5836 12.7413 12.7413 12.5877 42.3341 29.7355 27.6091 25.9141 22.7247 22.2146 22.1163 20.3325 19.9602 19.3992 18.6590 18.2603 18.6325 22.2800 23.2355 22.6738 23.4798 37.1238 33.9308 76.6093 43.5130 46.2058 63.3828 72.6043 71.8734 46.4992 30.6036 32.9087 32.6524 27.4235 32.0576 33.6300 38.0865 37.3066 63.5530 93.5125 39.5497 53.2333 41.9068 41.9068 41.0095 19.1672 7.0838 14.0064 13.7058 28.3854 11.1000 13.4718 13.1727 16.0431 15.8902 16.8220 17.4522 17.9961 17.8362 19.2608 19.9985 19.2816 18.8345 17.3046 178.4113 180.7899 180.8662 176.2220 111.3938 111.0990 110.8124 111.9365 146.5025 136.2079 113.3004 106.3023 43.3334 92.0184 152.2149 123.7440 112.3485 112.2013 112.0561 110.9546 111.7720 112.7323 112.4588 112.1935 79.6052 113.3022 93.2576 47.0083 31.3321 
32 33.0074 25.5163 6.4622 13.5163 6.0531 6.6098 7.4626 7.5293 4.8415 4.7424 2.6476 1.3000 0.0000 5.8600 5.7871 6.0407 8.0212 47.0180 48.0009 59.1227 35.6439 25.9372 25.2050 25.2286 25.0098 22.3636 20.0122 17.3531 15.6013 12.9522 16.1645 18.0624 28.7960 61.9636 28.8009 18.2521 17.3277 15.4159 14.0730 13.2458 13.9187 11.9616 11.0494 12.0221 12.0221 11.6043 41.0352 28.4782 26.4327 24.7833 21.6134 21.0950 20.9914 19.2520 18.8308 18.2850 17.5570 17.1327 17.4471 21.0098 21.9791 21.4693 22.3188 35.9985 32.7355 75.4526 42.2195 45.1053 62.2936 71.6554 70.9330 45.2050 29.3171 31.6337 31.4084 26.1843 30.8444 32.4236 36.8848 36.2228 62.3626 92.2577 38.3600 52.5784 41.3557 41.3557 40.4461 18.3600 6.7742 12.8798 12.5004 27.0895 9.8000 12.3491 12.0652 15.2411 14.9241 15.8142 16.4830 17.0426 16.8505 18.2453 18.9402 18.1959 17.7800 16.1988 177.1121 179.4934 179.5703 174.9660 110.1539 109.8558 109.5659 110.6792 145.2043 134.9166 112.0004 105.0023 42.0344 90.7430 150.9486 122.5018 111.1076 110.9587 110.8120 109.7098 110.5246 111.4840 111.2074 110.9391 78.3600 112.0022 91.9994 45.8136 30.1199 
24 29.7700 24.6028 10.7564 17.7011 11.5317 12.2984 13.3135 13.1244 10.7005 10.5475 7.8924 6.7179 5.8600 0.0000 2.6926 1.8028 3.0000 43.9118 44.7800 54.6191 30.5491 22.2324 22.3143 22.4878 22.1678 18.8066 16.9779 13.9086 12.9097 11.9206 14.3265 16.4478 28.0508 60.8543 28.6923 20.1246 19.1857 17.7553 16.0851 15.5322 17.2003 15.9154 15.0083 15.2411 15.2411 13.5558 37.6198 26.8777 25.9717 24.8244 21.9427 21.3715 21.2250 19.9444 19.1254 18.7446 18.1640 17.5411 17.2540 19.3776 20.5801 20.8492 22.1515 35.8504 31.9232 70.2300 39.5380 45.0694 62.2354 72.5827 71.9184 42.4647 27.0416 29.6184 29.9708 24.9359 29.8503 31.4841 35.9340 36.4314 61.3372 90.2843 33.3654 46.7680 35.6546 35.6546 34.7311 12.5000 3.2016 7.7621 8.0025 23.6326 7.8600 13.2076 13.0863 17.8676 16.6820 17.2409 18.1177 18.7417 18.3576 19.4733 19.8215 18.9011 18.7523 16.8600 173.8484 176.4207 176.5255 172.8880 108.3801 108.0336 107.6952 108.6336 141.5318 130.9628 108.6151 101.5788 38.6167 86.4827 148.7052 120.6783 109.3172 109.1444 108.9736 107.8633 108.6382 109.5822 109.2577 108.9415 73.7309 108.5737 89.9680 44.8470 29.1529 
24 32.3883 27.2369 11.7835 18.8939 11.8377 12.3693 13.0000 12.1037 10.3078 10.4403 8.3150 6.1465 5.7871 2.6926 0.0000 1.0000 5.5902 46.5296 47.3814 56.8859 32.5730 24.7978 24.9816 25.1645 24.8387 21.4112 19.6469 16.5529 15.6016 14.5000 17.0000 19.1149 30.6757 63.5295 31.2410 22.2092 21.2659 19.6774 18.0854 17.4413 18.7856 17.2003 16.2788 16.8238 16.8238 15.5309 40.1995 29.5611 28.5601 27.3386 24.3953 23.8304 23.6907 22.3143 21.5669 21.1521 20.5373 19.9484 19.7649 22.0531 23.2441 23.4401 24.6868 38.4187 34.5607 72.0902 42.2019 47.6340 64.8151 75.0067 74.3303 45.1221 29.7321 32.3110 32.6497 27.5980 32.5006 34.1321 38.5876 38.9487 64.0078 92.9731 35.4401 47.1699 35.7771 35.7771 34.8855 13.4536 1.0000 10.0499 10.5304 26.2345 10.4848 15.4625 15.3003 19.6977 18.7627 19.4165 20.2485 20.8614 20.5244 21.7200 22.1504 21.2603 21.0523 19.2096 176.4086 179.0112 179.1201 175.5705 111.0720 110.7249 110.3857 111.3194 144.0139 133.3754 111.1620 104.1201 41.1947 88.8144 151.3803 123.3694 112.0089 111.8358 111.6647 110.5543 111.3283 112.2720 111.9464 111.6288 75.9276 111.1126 92.6553 47.5079 31.8000 
19 31.4006 26.4055 11.7068 18.7771 12.0304 12.6491 13.4164 12.7475 10.7355 10.7703 8.4345 6.5863 6.0407 1.8028 1.0000 0.0000 4.6098 45.5412 46.3897 55.9017 31.6228 23.8019 24.0142 24.2043 23.8738 20.4216 18.6815 15.5756 14.6700 13.7131 16.1245 18.2477 29.8530 62.6498 30.4795 21.7083 20.7663 19.2510 17.6204 17.0176 18.5068 17.0426 16.1245 16.5421 16.5421 15.0735 39.2046 28.6681 27.7683 26.6008 23.6966 23.1277 22.9837 21.6640 20.8741 20.4795 19.8842 19.2754 19.0276 21.1740 22.3806 22.6460 23.9341 37.6431 33.7260 71.1758 41.2311 46.8615 64.0312 74.3303 73.6614 44.1475 28.7924 31.3847 31.7648 26.7367 31.6526 33.2866 37.7359 38.2099 63.1348 92.0272 34.4819 46.6476 35.3412 35.3412 34.4384 12.7279 1.4142 9.0554 9.5336 25.2438 9.6607 14.8691 14.7275 19.3132 18.2603 18.8680 19.7231 20.3421 19.9812 21.1367 21.5230 20.6155 20.4402 18.5691 175.4109 178.0169 178.1264 174.6139 110.1363 109.7862 109.4440 110.3676 143.0140 132.3782 110.1635 103.1213 40.1995 87.8237 150.4161 122.4296 111.0720 110.8975 110.7249 109.6141 110.3857 111.3283 111.0000 110.6797 74.9533 110.1136 91.7061 46.6476 30.9555 
24 26.8002 22.1923 11.4586 17.9201 12.9530 13.9014 15.2069 15.5322 12.7475 12.3794 9.4493 9.1066 8.0212 3.0000 5.5902 4.6098 0.0000 40.9420 41.8001 51.6841 27.7714 19.2375 19.4095 19.6087 19.2720 15.8269 14.0801 10.9659 10.1518 9.8234 11.8004 13.9402 25.6603 58.2344 26.5189 18.9737 18.0580 16.9248 15.1634 14.7801 16.9012 16.0655 15.2069 15.0030 15.0030 12.7577 34.6302 24.2365 23.7008 22.7563 20.0420 19.4612 19.3003 18.2477 17.2795 16.9812 16.4842 15.7953 15.2611 16.8074 18.0649 18.5981 20.0472 33.6043 29.4803 67.5296 36.6231 42.8165 59.9270 70.6134 69.9732 39.5380 24.2332 26.8561 27.3542 22.4143 27.3649 29.0043 33.4253 34.3111 58.7388 87.4486 30.5491 45.4010 34.6302 34.6302 33.6786 10.9659 5.8523 4.9244 5.0040 20.6519 5.7428 11.8929 11.8596 17.1828 15.6042 15.9765 16.9189 17.5514 17.0880 18.0336 18.2124 17.2409 17.2177 15.2532 170.8545 173.4366 173.5432 170.0184 105.5758 105.2200 104.8725 105.7793 138.5325 127.9736 105.6184 98.5812 35.6265 83.5180 145.8124 117.8611 106.5094 106.3320 106.1567 105.0452 105.8123 106.7532 106.4202 106.0955 70.8255 105.5758 87.1220 42.2995 26.6813 
18 14.1421 24.5082 44.8470 44.8529 48.0305 49.2544 51.2445 53.5584 50.0625 49.0918 46.5182 48.3175 47.0180 43.9118 46.5296 45.5412 40.9420 0.0000 1.4142 19.7231 22.6716 21.8341 21.8147 21.8002 22.0082 25.1205 27.0740 30.0167 31.4358 34.4420 31.0161 29.3901 22.9870 25.0799 25.5539 36.5274 36.7483 38.6807 38.2267 39.1561 41.7481 43.9301 43.9318 41.7809 41.7809 39.0616 6.7082 20.4318 25.3432 27.9428 30.4587 30.5792 30.5164 32.6731 31.8987 32.6008 33.3494 33.1593 31.7907 26.7047 26.1895 28.0863 28.6503 23.3452 20.6940 41.1825 5.8310 24.6982 33.3766 48.2597 48.1664 3.6056 18.2483 16.7631 18.7883 23.1225 20.8540 20.2485 18.3848 25.4951 26.0000 47.8853 20.8087 51.4782 49.2037 49.2037 48.4149 39.3954 46.6905 36.8782 36.0373 20.3039 37.2227 36.8686 37.2787 39.5601 37.3020 36.1386 36.4005 36.3786 35.9201 34.6000 33.3353 33.2415 34.1204 34.2317 130.0961 132.5443 132.6386 129.6919 66.2420 65.7647 65.2993 65.7951 98.4124 88.6454 65.0077 58.0345 5.8310 46.0977 105.3043 78.2624 67.1193 66.8824 66.6483 65.5305 66.1891 67.0820 66.6408 66.2118 36.8782 65.0308 47.4131 17.7200 21.3785 
36 15.0333 25.7847 45.9549 46.0845 49.1318 50.3587 52.3450 54.6123 51.1200 50.1597 47.5557 49.3009 48.0009 44.7800 47.3814 46.3897 41.8001 1.4142 0.0000 18.3576 22.6274 22.6214 22.8009 22.8178 23.0035 25.9738 28.0179 30.9095 32.4039 35.5028 32.0624 30.4792 24.3311 25.6320 26.9258 37.8054 38.0111 39.9224 39.4370 40.3584 42.9802 45.1359 45.1221 42.9795 42.9795 40.2245 7.2801 21.6947 26.6661 29.2643 31.7416 31.8511 31.7844 33.9313 33.1320 33.8321 34.5743 34.3677 32.9735 27.8342 27.3585 29.3128 29.9206 24.7588 22.0871 39.8246 7.2111 26.0000 34.2345 49.1630 49.0918 5.0000 19.4165 18.0278 20.1246 24.3813 22.2146 21.6333 19.7990 26.9072 26.5707 47.5079 20.6155 50.9902 49.0408 49.0408 48.2701 39.9249 47.5184 37.6563 36.8686 21.1483 38.2012 38.0091 38.4200 40.8044 38.5206 37.3631 37.6431 37.6324 37.1652 35.8603 34.5954 34.4819 35.3638 35.4346 129.1395 131.6435 131.7460 129.0969 65.8635 65.3682 64.8845 65.3070 97.3293 87.4757 64.0000 57.0088 6.3246 44.7772 104.6757 77.8267 66.7308 66.4850 66.2420 65.1249 65.7647 66.6483 66.1891 65.7419 35.4683 64.0078 47.0106 18.9737 22.7297 
115 28.3019 41.5000 58.7541 60.5358 61.7392 62.9682 64.8460 66.4267 63.0892 62.2977 59.3897 60.3770 59.1227 54.6191 56.8859 55.9017 51.6841 19.7231 18.3576 0.0000 25.0000 33.5936 35.6887 36.0118 35.9578 37.1489 39.9249 41.9952 44.2064 48.1773 44.7772 43.7833 40.9414 40.0000 43.8634 53.1154 53.1059 54.6772 53.7911 54.5766 57.5196 59.2575 59.0339 57.0670 57.0670 53.9371 21.2603 37.4681 42.9195 45.4159 47.3025 47.2640 47.1514 49.0951 48.0076 48.6560 49.2887 48.8829 47.2340 41.7653 41.7599 44.2701 45.3855 42.8019 39.4771 21.4709 25.0000 44.2832 50.2494 65.1920 65.2763 23.3238 34.4093 34.0588 36.7967 39.9606 39.1138 38.8973 37.8021 45.0000 41.0000 51.2250 22.0000 43.1393 45.6508 45.6508 45.1774 46.0109 56.7186 46.8722 46.7642 32.8976 49.7426 51.5276 51.9317 55.5698 53.0136 51.9711 52.4786 52.6194 52.0505 50.9878 49.7618 49.3964 50.2872 49.8378 122.0000 125.3994 125.6344 127.5343 68.5930 67.8823 67.1789 66.6033 88.3629 77.0000 57.2800 50.2892 20.5183 32.0624 102.9563 79.3977 69.2965 68.9438 68.5930 67.5296 67.8970 68.6222 67.9412 67.2681 19.3132 57.0088 50.4480 37.1618 39.4872 
24 15.0333 26.2155 36.7022 40.3061 39.3285 40.4969 42.1900 43.1567 40.0656 39.4462 36.4299 36.8155 35.6439 30.5491 32.5730 31.6228 27.7714 22.6716 22.6274 25.0000 0.0000 13.7306 17.5693 18.2168 17.8314 16.2800 19.2094 19.9650 22.5657 26.9453 24.0832 24.0204 27.7705 47.1699 30.8058 34.9464 34.5722 35.4203 34.0365 34.5485 37.6630 38.6840 38.2099 36.6284 36.6284 33.3048 16.6433 23.5342 28.4092 30.1264 30.4554 30.1478 29.9708 31.2303 29.8283 30.2888 30.6493 29.9923 28.2144 23.3311 24.0601 26.9229 28.7200 34.0147 28.8694 39.8246 22.3607 40.4475 53.8516 68.0074 67.7200 23.8537 20.2237 22.0227 25.0799 24.8365 27.2009 28.0713 30.0666 36.0555 48.0208 69.6348 3.0000 30.5941 26.6271 26.6271 25.8070 21.0238 32.2800 22.8473 23.1709 14.3962 27.1906 30.9045 31.2554 36.2353 33.5476 32.8024 33.6006 33.9676 33.3054 32.7835 31.8000 31.0644 31.8402 30.6400 146.6595 149.8332 150.0300 149.9667 87.9204 87.3670 86.8217 86.9540 113.2828 102.0000 81.5843 74.5252 17.2047 57.0351 125.3994 99.6444 88.7525 88.4774 88.2043 87.0933 87.6641 88.5099 87.9830 87.4643 43.5660 81.3941 69.0652 35.4401 27.0969 
24 7.8186 12.8413 25.1623 27.5000 28.1514 29.3825 31.2751 33.0171 29.6138 28.7772 25.9278 27.2259 25.9372 22.2324 24.7978 23.8019 19.2375 21.8341 22.6214 33.5936 13.7306 0.0000 4.0311 4.7265 4.2579 3.5903 6.3506 8.5843 10.6254 14.6240 11.3018 10.6963 15.0163 41.8632 17.8138 21.3654 21.0640 22.1353 20.9230 21.5678 24.6473 26.0450 25.7163 23.8891 23.8891 20.6349 15.4055 11.0476 15.1199 16.5677 16.7260 16.4177 16.2413 17.5573 16.1821 16.6817 17.1058 16.5012 14.7248 9.6255 10.3315 13.1928 15.0083 22.4350 17.1479 51.7603 18.0701 30.3995 46.0492 58.9875 58.5485 20.8166 8.4694 11.1414 13.5030 11.6276 15.1010 16.3747 19.6400 24.1853 42.5339 69.1356 15.3405 42.2011 35.2892 35.2892 34.3210 18.4805 24.9064 15.0443 14.2688 1.8385 16.2807 18.1945 18.5841 22.9898 20.3089 19.4456 20.1675 20.4795 19.8313 19.1815 18.1463 17.4622 18.2727 17.2540 151.6171 154.2178 154.3299 151.3814 87.4227 87.0065 86.5998 87.2979 119.3739 108.9850 86.3836 79.3494 16.3991 64.8732 127.0533 99.5978 88.3308 88.1237 87.9189 86.8020 87.5165 88.4349 88.0462 87.6672 52.9068 86.3454 68.7396 27.2200 14.7801 
61 7.8918 8.8119 23.4540 24.8697 26.5754 27.8115 29.7705 31.8713 28.3924 27.4642 24.7891 26.5047 25.2050 22.3143 24.9816 24.0142 19.4095 21.8147 22.8009 35.6887 17.5693 4.0311 0.0000 0.7000 0.2828 4.3863 5.3367 8.4758 9.6255 12.8456 9.3744 8.1154 11.0653 39.7200 13.8014 18.0314 17.8393 19.1604 18.1472 18.9029 21.8893 23.5688 23.3555 21.3785 21.3785 18.2661 15.9524 7.2732 11.0887 12.5873 12.9850 12.7315 12.5670 14.0929 12.7988 13.3690 13.8946 13.3843 11.6606 6.2370 6.6400 9.4868 11.1893 18.7211 13.4833 54.6469 17.2244 27.0237 43.1356 55.6748 55.2004 20.1613 5.3740 8.2024 10.0240 7.6059 11.3530 12.7389 16.3670 20.3735 40.3272 68.0946 18.9336 46.2069 39.0702 39.0702 38.0930 20.8010 25.2484 15.9211 14.7258 3.2450 15.4081 15.8773 16.2856 20.0420 17.4184 16.4402 17.0552 17.2905 16.6712 15.8392 14.7187 14.1450 15.0013 14.2636 151.9108 154.3317 154.4179 150.6170 86.2779 85.9027 85.5376 86.3949 120.0803 109.9995 86.8002 79.8090 16.9434 66.3452 126.4028 98.5336 87.2037 87.0168 86.8325 85.7189 86.4713 87.4064 87.0591 86.7219 54.9389 86.8083 67.7516 24.4761 10.9636 
71 8.0281 8.1216 23.2998 24.5253 26.4394 27.6740 29.6420 31.8064 28.3196 27.3761 24.7396 26.5272 25.2286 22.4878 25.1645 24.2043 19.6087 21.8002 22.8178 36.0118 18.2168 4.7265 0.7000 0.0000 0.5385 4.9204 5.5362 8.7321 9.7015 12.7279 9.2655 7.8746 10.3697 39.3046 13.1015 17.5414 17.3761 18.7523 17.7868 18.5648 21.5232 23.2594 23.0705 21.0668 21.0668 17.9939 16.0639 6.6129 10.3947 11.9218 12.3976 12.1606 12.0000 13.5794 12.3110 12.8973 13.4466 12.9619 11.2606 5.8009 6.0959 8.9202 10.5816 18.0569 12.8316 55.1004 17.0836 26.4093 42.5893 55.0622 54.5825 20.0412 4.9041 7.7233 9.4154 6.9065 10.6892 12.0934 15.7813 19.6939 39.9005 67.8532 19.5359 46.9068 39.7549 39.7549 38.7769 21.3178 25.4568 16.2496 14.9967 3.8471 15.4467 15.6263 16.0365 19.6380 17.0344 16.0328 16.6208 16.8372 16.2265 15.3522 14.2130 13.6693 14.5344 13.8679 151.8856 154.2752 154.3569 150.4103 86.0142 85.6461 85.2880 86.1722 120.1301 110.1047 86.8047 79.8226 17.0485 66.5406 126.2175 98.2815 86.9428 86.7594 86.5786 85.4658 86.2244 87.1622 86.8219 86.4919 55.2381 86.8208 67.5193 23.9719 10.2883 
36 8.1216 8.5843 23.2131 24.5963 26.3388 27.5746 29.5357 31.6522 28.1711 27.2389 24.5736 26.3093 25.0098 22.1678 24.8387 23.8738 19.2720 22.0082 23.0035 35.9578 17.8314 4.2579 0.2828 0.5385 0.0000 4.4045 5.1923 8.3570 9.4430 12.6115 9.1411 7.8549 10.8904 39.7613 13.6000 17.7485 17.5568 18.8807 17.8718 18.6301 21.6134 23.3000 23.0903 21.1092 21.1092 18.0025 16.1790 7.1512 10.8665 12.3369 12.7094 12.4535 12.2886 13.8105 12.5160 13.0863 13.6125 13.1034 11.3811 5.9548 6.3600 9.2087 10.9179 18.5946 13.3701 54.9287 17.3770 26.9436 43.1041 55.5964 55.1177 20.3214 5.3814 8.2073 9.9479 7.4007 11.2272 12.6317 16.3083 20.2277 40.3629 68.2126 19.2083 46.4108 39.2245 39.2245 38.2460 20.8125 25.1149 15.8354 14.6154 3.5228 15.2161 15.6170 16.0256 19.7626 17.1406 16.1604 16.7738 17.0082 16.3893 15.5563 14.4361 13.8622 14.7187 13.9846 152.1031 154.5146 154.5994 150.7487 86.3873 86.0149 85.6526 86.5203 120.2936 110.2269 87.0009 80.0122 17.1686 66.5925 126.5423 98.6477 87.3141 87.1287 86.9457 85.8325 86.5873 87.5235 87.1789 86.8445 55.2047 87.0113 67.8731 24.4696 10.8240 
18 10.9836 12.0071 21.6271 24.2640 24.5904 25.8194 27.7027 29.4269 26.0248 25.1921 22.3379 23.6546 22.3636 18.8066 21.4112 20.4216 15.8269 25.1205 25.9738 37.1489 16.2800 3.5903 4.3863 4.9204 4.4045 0.0000 2.9732 5.0160 7.0576 11.1647 7.9649 7.7421 14.8081 44.0459 17.2290 18.7107 18.3052 19.1552 17.8213 18.3935 21.5002 22.7423 22.3660 20.6155 20.6155 17.3220 18.8266 11.4061 14.2899 15.2210 14.7258 14.3293 14.1382 15.1212 13.6854 14.0943 14.4062 13.7295 11.9570 7.4953 8.5586 11.2588 13.2197 22.7693 17.6204 55.0549 21.0010 31.2832 47.5083 59.9336 59.4427 23.8504 9.7591 12.5873 14.3122 11.1324 15.4353 16.9068 20.6940 24.2866 44.6659 72.0503 18.2439 43.1676 35.3842 35.3842 34.3953 16.4146 21.5741 11.8929 10.9238 4.8260 12.6905 14.8839 15.2611 19.9810 17.2905 16.5239 17.3217 17.6963 17.0320 16.5711 15.6525 14.8607 15.6064 14.3600 155.0614 157.6142 157.7189 154.4482 90.2875 89.8935 89.5089 90.2886 122.9017 112.5533 89.8501 82.8242 19.8252 68.4634 130.1693 102.5087 91.2055 91.0093 90.8154 89.7000 90.4347 91.3621 90.9947 90.6369 56.4610 89.8223 71.6815 28.8624 14.9693 
30 13.0000 10.6042 18.8322 21.2927 21.8525 23.0868 25.0000 26.8794 23.4361 22.5610 19.7773 21.3115 20.0122 16.9779 19.6469 18.6815 14.0801 27.0740 28.0179 39.9249 19.2094 6.3506 5.3367 5.5362 5.1923 2.9732 0.0000 3.2249 4.4283 8.2735 5.0000 4.8765 13.7768 44.6542 15.8114 15.8824 15.4350 16.2111 14.8553 15.4208 18.5284 19.7800 19.4165 17.6477 17.6477 14.3600 21.0238 11.0390 12.7781 13.2740 12.3179 11.8697 11.6726 12.4310 10.9786 11.3318 11.5836 10.8784 9.1241 5.3235 6.6098 9.0022 11.0018 21.9545 17.0423 58.0086 22.5610 30.8058 47.4236 59.3633 58.8303 25.4951 10.2956 13.0384 14.1421 10.0722 14.8219 16.4012 20.5183 23.2594 45.2217 73.3894 21.2132 45.3982 37.1214 37.1214 36.1248 16.6433 19.9249 10.8167 9.4810 7.1589 10.2240 11.9202 12.3004 17.0294 14.3402 13.6015 14.4222 14.8189 14.1510 13.7753 12.9244 12.0830 12.7906 11.4547 157.1560 159.6152 159.7060 155.9391 91.5478 91.1811 90.8240 91.7061 125.1958 114.9826 92.0054 85.0000 22.0227 71.0634 131.7346 103.8171 92.4770 92.2944 92.1141 91.0014 91.7606 92.6984 92.3580 92.0272 59.2368 92.0000 73.0548 29.0689 14.2562 
31 15.8808 13.2593 16.9685 20.4044 19.8215 21.0381 22.8779 24.4724 21.1009 20.3027 17.4040 18.6424 17.3531 13.9086 16.5529 15.5756 10.9659 30.0167 30.9095 41.9952 19.9650 8.5843 8.4758 8.7321 8.3570 5.0160 3.2249 0.0000 2.6401 7.0178 4.7539 5.9211 16.5855 47.8707 18.3412 16.2926 15.6869 16.0125 14.4402 14.8122 17.9025 18.7417 18.2483 16.7260 16.7260 13.4063 23.8076 14.1485 15.2971 15.3844 13.8438 13.3240 13.1244 13.3735 11.9419 12.1198 12.1598 11.3780 9.8005 7.6485 9.0338 10.9142 12.8655 24.7952 20.0250 59.4121 25.6632 33.7668 50.5035 62.2383 61.6847 28.5727 13.5204 16.2604 17.2743 12.9402 17.8104 19.4165 23.6178 25.9731 48.4335 76.5689 22.2800 44.2832 35.4006 35.4006 34.4006 13.8636 16.7869 7.6026 6.2650 9.8005 7.7492 11.0603 11.3851 16.7451 14.1322 13.6308 14.5602 15.0546 14.3892 14.3611 13.7463 12.7906 13.3417 11.6692 160.0312 162.5503 162.6493 159.0880 94.7428 94.3716 94.0096 94.8704 127.9140 117.5662 94.8356 87.8146 24.8073 73.4330 134.8614 107.0047 95.6703 95.4853 95.3027 94.1894 94.9442 95.8801 95.5343 95.1977 61.2944 94.8135 76.2273 32.2397 17.2105 
36 17.4072 12.4740 14.5836 17.7722 17.5328 18.7619 20.6497 22.4591 19.0252 18.1662 15.3574 16.9012 15.6013 12.9097 15.6016 14.6700 10.1518 31.4358 32.4039 44.2064 22.5657 10.6254 9.6255 9.7015 9.4430 7.0576 4.4283 2.6401 0.0000 4.3863 2.5318 4.3417 15.9226 48.1062 17.2803 13.8514 13.2004 13.4183 11.8207 12.1758 15.2634 16.1220 15.6464 14.0929 14.0929 10.7713 25.4443 14.1198 14.2874 13.9617 12.0075 11.4543 11.2588 11.2018 9.8184 9.9005 9.8412 9.0449 7.6026 6.8593 8.2073 9.4810 11.3088 24.0709 19.6023 61.9048 26.7808 33.1965 50.1519 61.4427 60.8556 29.7424 14.1354 16.7156 17.2514 12.4652 17.4316 19.0686 23.4267 25.0521 48.6231 77.3809 24.8316 46.6734 37.5261 37.5261 36.5268 15.2122 15.9816 7.9630 6.2370 11.5741 5.8034 8.4202 8.7459 14.1354 11.5451 11.1000 12.0503 12.5686 11.9105 12.0071 11.5070 10.5171 10.9895 9.2195 161.5308 163.9567 164.0421 160.0057 95.4705 95.1242 94.7872 95.7403 129.6172 119.4103 96.4013 89.4014 26.4426 75.4573 135.8536 107.7692 96.4075 96.2349 96.0646 94.9545 95.7309 96.6758 96.3546 96.0428 63.5186 96.4013 77.0702 32.2368 16.7765 
18 20.7328 12.8016 10.6320 13.3869 13.7317 14.9683 16.9248 19.1167 15.6205 14.6578 12.1066 14.2201 12.9522 11.9206 14.5000 13.7131 9.8234 34.4420 35.5028 48.1773 26.9453 14.6240 12.8456 12.7279 12.6115 11.1647 8.2735 7.0178 4.3863 0.0000 3.4713 5.1352 16.2077 49.2448 16.7765 10.3005 9.5189 9.3301 7.6322 7.8772 10.9293 11.7388 11.2805 9.7082 9.7082 6.3891 28.7863 15.5361 14.0602 12.9495 10.2343 9.6519 9.4868 8.6163 7.5180 7.3007 6.9260 6.1685 5.4406 8.0604 9.0443 8.9404 10.2533 23.9301 20.1189 66.1865 29.4287 33.1489 50.3195 60.7951 60.1519 32.4261 16.4514 18.6936 18.5054 13.3154 18.1135 19.7294 24.2002 24.5367 49.6855 79.3136 29.1796 50.5099 40.9371 40.9371 39.9431 17.7722 15.1212 9.8311 7.9762 15.3101 4.1037 4.0817 4.3829 9.9725 7.5186 7.3246 8.3217 8.9090 8.3006 8.8119 8.6977 7.6844 7.8645 5.8856 164.4331 166.7185 166.7832 162.0193 97.2412 96.9343 96.6367 97.7315 132.8317 122.8318 99.4367 92.4741 29.7733 79.1546 137.9966 109.5822 98.1919 98.0388 97.8879 96.7843 97.5933 98.5507 98.2683 97.9952 67.4852 99.4688 79.0509 33.1429 17.4003 
1004 17.2627 10.4139 14.0943 16.3028 17.2026 18.4391 20.3961 22.5499 19.0591 18.1108 15.5029 17.4522 16.1645 14.3265 17.0000 16.1245 11.8004 31.0161 32.0624 44.7772 24.0832 11.3018 9.3744 9.2655 9.1411 7.9649 5.0000 4.7539 2.5318 3.4713 0.0000 2.1401 13.8852 46.5296 15.0000 11.5434 10.9563 11.4280 9.9639 10.4690 13.5831 14.7801 14.4222 12.6507 12.6507 9.3600 25.3180 12.5801 12.0615 11.5412 9.4831 8.9269 8.7321 8.7023 7.3027 7.4169 7.4148 6.6287 5.1039 5.0537 6.2682 7.1021 8.8566 21.9317 17.6816 63.0079 26.0768 31.1127 48.1664 59.2030 58.6003 29.0689 13.1529 15.5242 15.6525 10.6231 15.5657 17.2047 21.6333 22.8035 47.0106 76.2430 26.1725 49.0306 40.0125 40.0125 39.0128 17.7200 17.4929 10.2956 8.4906 11.8849 6.6129 6.9203 7.3007 12.2066 9.5415 8.9443 9.8489 10.3247 9.6566 9.6104 9.0355 8.0623 8.5907 6.9289 161.0497 163.3707 163.4411 158.9277 94.2444 93.9202 93.6056 94.6414 129.3870 119.3650 96.0208 89.0505 26.3059 75.6902 134.8518 106.5692 95.1893 95.0276 94.8683 93.7617 94.5569 95.5092 95.2103 94.9210 64.0781 96.0469 75.9605 30.5287 14.8809 
18 15.8928 8.2807 15.4871 16.8630 18.6550 19.8842 21.8673 24.2008 20.7010 19.7124 17.2290 19.3380 18.0624 16.4478 19.1149 18.2477 13.9402 29.3901 30.4792 43.7833 24.0204 10.6963 8.1154 7.8746 7.8549 7.7421 4.8765 5.9211 4.3417 5.1352 2.1401 0.0000 11.7516 44.4182 12.9530 11.0059 10.5688 11.4586 10.2303 10.9041 13.9628 15.4923 15.2506 13.3094 13.3094 10.1553 23.8952 10.5109 9.9810 9.6385 7.9228 7.4061 7.2062 7.6400 6.1847 6.4846 6.7082 6.0033 4.2485 2.9732 4.1340 5.1478 7.0214 19.8237 15.5416 62.4290 24.3101 28.9928 46.0324 57.1400 56.5454 27.3090 11.3217 13.5713 13.5565 8.4906 13.4272 15.0659 19.4982 20.7408 44.8930 74.2441 25.9187 49.9938 41.3059 41.3059 40.3061 19.4879 19.6209 12.2874 10.5209 10.9604 8.6816 7.7621 8.1707 12.3037 9.6177 8.7966 9.5802 9.9569 9.2914 8.9051 8.0957 7.2236 7.9158 6.6219 159.3229 161.5914 161.6545 156.9413 92.2138 91.8966 91.5892 92.6530 127.8005 117.8905 94.3577 87.4058 24.8713 74.4136 132.8946 104.5456 93.1610 93.0028 92.8471 91.7416 92.5429 93.4975 93.2061 92.9246 63.0474 94.3980 73.9715 28.4004 12.7413 
34 13.8708 3.4713 24.6221 22.7495 27.7505 28.8721 30.8415 33.7891 30.3916 29.2985 27.3865 29.9923 28.7960 28.0508 30.6757 29.8530 25.6603 22.9870 24.3311 40.9414 27.7705 15.0163 11.0653 10.3697 10.8904 14.8081 13.7768 16.5855 15.9226 16.2077 13.8852 11.7516 0.0000 33.1693 3.1305 14.0161 14.4347 16.6048 16.6589 17.6726 19.7124 22.2020 22.4321 20.2356 20.2356 18.2584 19.6825 4.2450 2.6000 5.0990 8.1000 8.4149 8.4291 10.6118 10.3755 11.0476 11.8533 12.0075 11.3653 9.0785 7.7156 7.3348 6.7082 8.2098 3.9395 61.5045 17.1814 17.2743 34.2812 45.6530 45.0999 19.9449 7.6551 6.9426 4.2190 3.7162 2.3087 3.6878 8.0994 9.5079 33.5678 63.8952 28.5272 57.2014 50.0899 50.0899 49.1080 30.3908 31.2474 23.8411 22.1578 13.7131 20.1943 16.6676 17.0206 17.4184 15.6461 14.4499 14.4014 14.2056 13.9014 12.4016 11.2018 11.4630 12.2262 13.0817 150.6897 152.6106 152.6257 146.5510 81.5672 81.3056 81.0555 82.3323 120.1441 110.9847 86.3296 79.5412 20.4353 69.0753 122.7363 93.9330 82.5312 82.4005 82.2727 81.1791 82.0256 82.9964 82.7635 82.5421 59.4273 86.4650 63.7024 17.0176 1.6492 
504 34.6554 36.4726 57.5852 54.4847 60.6278 61.6847 63.6003 66.7271 63.4054 62.2977 60.5239 63.1615 61.9636 60.8543 63.5295 62.6498 58.2344 25.0799 25.6320 40.0000 47.1699 41.8632 39.7200 39.3046 39.7613 44.0459 44.6542 47.8707 48.1062 49.2448 46.5296 44.4182 33.1693 0.0000 33.5261 45.8394 46.5214 48.8016 49.2898 50.3051 51.7349 54.4008 54.8179 52.6938 52.6938 51.1978 30.5287 33.9979 35.5820 37.5047 40.7619 41.2055 41.2704 43.2935 43.3674 43.9933 44.7815 45.0504 44.5314 41.4770 40.2975 40.4949 39.7472 26.6833 29.2308 59.8415 25.0000 19.0000 11.1803 25.4951 25.7099 23.3238 34.4093 31.6228 30.8869 35.9562 31.1431 29.5466 25.0799 27.2947 1.0000 32.0000 45.6508 76.5572 73.7835 73.7835 72.9452 60.3075 64.0078 55.4707 54.0638 40.0281 53.0879 49.7905 50.1288 49.4773 48.2746 47.1275 46.8402 46.4844 46.3600 44.8080 43.7749 44.2719 44.9088 46.0848 121.3425 122.4949 122.4091 113.9517 48.8365 48.6621 48.5077 50.1597 93.6376 86.7698 60.0083 54.1202 30.0167 52.8015 90.5539 61.1882 49.8197 49.7318 49.6488 48.5824 49.4975 50.4876 50.3587 50.2494 50.3289 60.4152 32.0156 16.1555 31.8628 
18 17.0000 5.2393 24.0759 21.3396 27.1022 28.1603 30.0832 33.2039 29.9040 28.7924 27.1503 29.9363 28.8009 28.6923 31.2410 30.4795 26.5189 25.5539 26.9258 43.8634 30.8058 17.8138 13.8014 13.1015 13.6000 17.2290 15.8114 18.3412 17.2803 16.7765 15.0000 12.9530 3.1305 33.5261 0.0000 12.5399 13.1240 15.3883 15.7696 16.7869 18.4201 21.0297 21.3776 19.2208 19.2208 17.6977 22.6274 7.3389 3.0463 4.0249 7.2615 7.7389 7.8262 9.7739 9.9765 10.5551 11.3217 11.6765 11.5000 10.6930 9.3107 7.9398 6.5605 7.2111 5.1420 64.5368 19.7231 16.4012 33.6006 44.2041 43.6005 22.3607 10.7703 10.0000 7.0711 6.2008 4.7634 5.3852 9.0000 7.8102 33.8378 64.7765 31.6228 60.0083 52.6118 52.6118 51.6236 32.2025 31.8904 25.2389 23.4710 16.6208 20.8694 16.4648 16.7720 16.1245 14.7526 13.6015 13.3417 13.0231 12.8550 11.3031 10.2489 10.7703 11.3842 12.6574 152.2104 154.0032 154.0000 147.2990 82.2253 82.0000 81.7863 83.1865 122.0000 113.0531 88.1192 81.3941 23.3452 71.5542 123.6285 94.5939 83.1986 83.0858 82.9759 81.8917 82.7647 83.7437 83.5464 83.3607 62.2013 88.2836 64.6297 17.4642 4.3863 
39 24.8244 12.0208 12.4619 8.8051 15.1717 16.1012 17.9234 21.2426 18.1797 17.0660 16.0776 19.1659 18.2521 20.1246 22.2092 21.7083 18.9737 36.5274 37.8054 53.1154 34.9464 21.3654 18.0314 17.5414 17.7485 18.7107 15.8824 16.2926 13.8514 10.3005 11.5434 11.0059 14.0161 45.8394 12.5399 0.0000 0.9434 3.0414 4.1869 5.0249 5.9034 8.5615 9.0139 6.9778 6.9778 6.7201 32.2064 16.1186 11.4425 8.9359 6.0729 5.9615 6.0415 4.0224 5.2326 4.6861 4.3046 5.0090 6.7602 11.8191 11.4865 8.8482 7.8924 19.1638 17.5011 72.6240 30.8423 27.7714 44.7353 53.4439 52.7091 33.7231 18.7949 19.7800 17.9513 13.4462 16.3230 17.5285 21.5232 18.8481 46.0896 77.2868 36.7049 60.5248 51.1981 51.1981 50.2021 28.0401 23.0705 20.0562 18.2275 21.2250 13.5713 7.0880 7.1169 3.6401 3.4482 3.0414 2.0616 1.4318 2.0000 2.1932 3.3601 3.9051 3.1064 4.6325 164.6489 166.5000 166.5030 159.7381 94.6375 94.4312 94.2351 95.6831 134.1538 124.9130 100.3457 93.5535 33.0946 82.5424 136.1295 107.0012 95.6151 95.5118 95.4110 94.3319 95.2169 96.1990 96.0169 95.8449 72.1266 100.4801 77.1508 29.9207 15.6554 
24 24.8040 12.2528 11.5935 8.3150 14.3558 15.3114 17.1593 20.4436 17.3404 16.2247 15.1743 18.2521 17.3277 19.1857 21.2659 20.7663 18.0580 36.7483 38.0111 53.1059 34.5722 21.0640 17.8393 17.3761 17.5568 18.3052 15.4350 15.6869 13.2004 9.5189 10.9563 10.5688 14.4347 46.5214 13.1240 0.9434 0.0000 2.2804 3.2558 4.1231 5.3085 7.9076 8.2970 6.2032 6.2032 5.7801 32.2899 16.3175 11.8423 9.4000 6.3789 6.1847 6.2362 4.0853 5.1039 4.4822 3.9623 4.5804 6.3600 11.6043 11.3811 8.8589 8.1043 19.8655 18.0100 72.4765 31.1005 28.5524 45.5548 54.3529 53.6213 34.0035 18.8743 19.9860 18.2822 13.6297 16.7431 18.0011 22.0735 19.6173 46.7850 77.8989 36.3901 59.8602 50.4484 50.4484 49.4534 27.2184 22.1278 19.2260 17.4072 21.0021 12.6921 6.1847 6.1984 3.0067 2.5060 2.2000 1.2000 0.6325 1.3000 2.1541 3.4176 3.7202 2.8425 4.0311 165.1164 167.0019 167.0097 160.3897 95.2976 95.0844 94.8812 96.3049 134.5252 125.2168 100.7415 93.9321 33.1910 82.7106 136.7488 107.6636 96.2738 96.1670 96.0627 94.9815 95.8616 96.8423 96.6532 96.4740 72.1668 100.8674 77.7537 30.5555 16.0611 
