45 4 2010
0 0.0000 5.8310 9.3408 50.5964 50.9215 70.8308 71.8053 65.3070 22.2036 2.6926 17.3566 49.2443 52.7731 53.6773 52.6118 2.8284 9.2195 22.3607 27.5862 25.8070 10.2956 10.0623 63.2456 64.0703 0.0100 34.9857 61.8547 81.4985 129.8345 82.2192 41.7612 50.4876 51.6236 65.2534 45.0111 54.6649 29.2746 21.2132 22.0907 39.1152 39.6138 41.4849 28.0713 30.0000 30.6105 
33 5.8310 0.0000 4.0311 46.3249 46.5725 66.9104 67.8970 61.5224 27.0000 4.0311 17.2699 46.1411 48.5077 49.3584 48.2701 3.1623 6.4031 19.8494 26.9258 31.6228 16.1245 15.8824 68.6003 69.4046 5.8224 40.2244 67.2012 78.1025 131.8218 79.7621 40.7185 48.5077 49.7293 63.9062 42.4264 51.1200 26.0192 18.1108 19.2354 36.8782 37.3664 40.3113 25.9615 31.1448 31.8904 
15 9.3408 4.0311 0.0000 46.0353 46.1979 66.8674 67.8620 61.6299 31.0040 8.0000 15.7003 42.4529 44.5112 45.3542 44.2634 7.0178 4.5000 16.6508 24.6221 34.7311 19.5000 19.3132 70.6771 71.4510 9.3311 42.2522 69.2694 78.5000 135.3006 80.9027 42.9796 50.1224 51.3931 65.8502 43.6606 51.5024 26.9676 19.4487 20.7183 38.4220 38.8973 42.5000 27.7714 34.5145 35.3023 
10 50.5964 46.3249 46.0353 0.0000 1.0000 21.0000 22.0000 16.2788 58.8982 47.9088 61.1658 73.9256 67.4166 67.5370 66.5733 48.0833 50.4876 58.1378 68.0661 73.0616 58.6003 58.1485 112.7120 113.6002 50.5933 85.0882 111.3643 33.7343 120.5031 40.4969 29.1204 23.0868 24.1868 36.2491 17.2627 9.6047 22.4722 29.9666 29.5296 21.0238 20.8147 28.1603 26.9072 41.6173 42.4382 
40 50.9215 46.5725 46.1979 1.0000 0.0000 21.0238 22.0227 16.4924 59.5483 48.2312 61.2474 73.5391 66.8880 66.9944 66.0379 48.3839 50.6360 58.0775 68.0294 73.5731 59.0339 58.5854 113.1769 114.0614 50.9182 85.4927 111.8258 33.9559 121.4578 41.0488 30.0832 24.0832 25.1794 37.1618 18.2483 10.4043 23.0217 30.4138 30.0167 21.9317 21.7313 29.1204 27.5862 42.4382 43.2666 
15 70.8308 66.9104 66.8674 21.0000 21.0238 0.0000 1.0000 5.8310 76.1577 68.1707 82.1234 93.6056 85.9069 85.8793 85.0000 68.4471 71.3442 79.1012 89.0505 91.7878 78.1089 77.6354 131.7004 132.6198 70.8285 104.6757 130.3879 13.8924 115.9741 25.5539 40.3113 29.8329 30.0000 33.5410 29.4109 16.7705 41.7612 49.7293 49.0408 35.5106 35.0892 39.6232 44.7772 56.4004 57.0088 
5 71.8053 67.8970 67.8620 22.0000 22.0227 1.0000 0.0000 6.7082 77.0260 69.1466 83.1219 94.5569 86.8159 86.7828 85.9069 69.4262 72.3395 80.0999 90.0500 92.7038 79.0569 78.5828 132.6198 133.5403 71.8031 105.6220 131.3088 13.0384 115.8490 25.0599 41.0366 30.4795 30.6105 33.7343 30.2324 17.6706 42.7200 50.6952 50.0000 36.3593 35.9340 40.3609 45.6946 57.2014 57.8014 
77 65.3070 61.5224 61.6299 16.2788 16.4924 5.8310 6.7082 0.0000 70.3278 62.6598 77.0146 89.8888 82.7647 82.8025 81.8841 62.9682 66.1211 74.3303 84.2140 86.0058 72.4224 71.9462 125.9246 126.8464 65.3050 98.9798 124.6154 17.4642 113.7717 26.1725 34.6554 24.4131 24.6982 30.0167 23.6008 10.9659 36.1386 44.1475 43.4166 29.6816 29.2617 33.9411 39.0000 50.6063 51.2250 
435 22.2036 27.0000 31.0040 58.8982 59.5483 76.1577 77.0260 70.3278 0.0000 23.0054 37.1248 70.8378 74.9667 75.8765 74.8131 24.0208 31.4006 43.9659 47.0106 18.0278 15.2643 15.0083 56.7539 57.7235 22.2135 33.2415 55.5428 83.9345 111.7587 80.6040 38.3275 49.3356 50.0000 60.2080 46.9574 59.4243 36.7696 30.8058 30.6105 40.7063 41.1491 38.6005 32.0156 21.3776 21.2132 
165 2.6926 4.0311 8.0000 47.9088 48.2312 68.1707 69.1466 62.6598 23.0054 0.0000 18.7216 49.4191 52.2805 53.1507 52.0697 1.1180 9.1788 22.7431 28.8141 28.1114 12.5000 12.2066 65.8730 66.7027 2.6889 37.6464 64.4845 78.9066 129.0048 79.8076 39.6894 48.1690 49.3280 63.1209 42.5470 52.0433 26.6693 18.6078 19.5256 36.7185 37.2156 39.3732 25.6759 28.6923 29.3641 
120 17.3566 17.2699 15.7003 61.1658 61.2474 82.1234 83.1219 77.0146 37.1248 18.7216 0.0000 34.2235 40.6971 41.7433 40.8075 17.7553 11.2805 9.0139 10.2591 32.5615 22.0057 22.1923 61.4593 62.0987 17.3499 34.0478 60.0521 94.0332 147.0349 96.5984 57.9763 65.6601 66.9048 81.1680 59.3317 67.0671 42.6644 35.0464 36.2664 53.9838 54.4656 57.5782 43.1654 47.3207 47.9505 
65 49.2443 46.1411 42.4529 73.9256 73.5391 93.6056 94.5569 89.8888 70.8378 49.4191 34.2235 0.0000 13.0384 14.0089 13.8924 48.3011 40.2492 26.9258 26.0000 66.1891 56.0446 56.1805 87.0919 87.4643 49.2352 63.7887 85.7963 107.2241 177.6288 114.0395 82.7587 87.2009 88.6002 103.6002 79.6304 82.5121 63.8905 58.6941 60.1082 76.0592 76.4477 82.0731 67.1789 76.8440 77.6660 
23 52.7731 48.5077 44.5112 67.4166 66.8880 85.9069 86.8159 82.7647 74.9667 52.2805 40.6971 13.0384 0.0000 1.1180 1.0000 51.1957 43.5660 32.0156 34.7851 73.2462 61.1310 61.1658 97.9439 98.3870 52.7632 73.0821 96.6075 99.7447 177.3415 107.9120 80.6040 83.4386 84.8528 99.7246 75.6637 76.5588 61.2209 57.4543 58.8303 73.0000 73.3297 79.8123 65.4599 77.3886 78.2943 
18 53.6773 49.3584 45.3542 67.5370 66.9944 85.8793 86.7828 82.8025 75.8765 53.1507 41.7433 14.0089 1.1180 0.0000 1.1180 52.0697 44.4775 33.0341 35.8922 74.2849 62.0987 62.1289 99.0618 99.5050 53.6674 74.1839 97.7254 99.7309 177.9333 108.0336 81.1002 83.7989 85.2130 100.0612 76.0148 76.7235 61.7029 58.0539 59.4243 73.4319 73.7564 80.3010 66.0095 78.0849 78.9953 
550 52.6118 48.2701 44.2634 66.5733 66.0379 85.0000 85.9069 81.8841 74.8131 52.0697 40.8075 13.8924 1.0000 1.1180 0.0000 50.9902 43.4166 32.0624 35.1141 73.3348 61.0737 61.1003 98.3870 98.8383 52.6019 73.3757 97.0464 98.8433 176.8191 107.0701 80.0000 82.7345 84.1487 99.0051 74.9533 75.7380 60.6053 56.9386 58.3095 72.3464 72.6722 79.2023 64.8999 76.9675 77.8781 
78 2.8284 3.1623 7.0178 48.0833 48.3839 68.4471 69.4262 62.9682 24.0208 1.1180 17.7553 48.3011 51.1957 52.0697 50.9902 0.0000 8.0623 21.6333 27.8029 28.6007 13.0384 12.7769 66.0303 66.8506 2.8214 37.7359 64.6375 79.3095 130.0961 80.3990 40.4969 48.8365 50.0100 63.8905 43.1045 52.4047 27.0740 19.0263 20.0000 37.3363 37.8319 40.1622 26.3059 29.7321 30.4138 
627 9.2195 6.4031 4.5000 50.4876 50.6360 71.3442 72.3395 66.1211 31.4006 9.1788 11.2805 40.2492 43.5660 44.4775 43.4166 8.0623 0.0000 13.6015 20.5913 32.6956 18.2483 18.1728 67.2681 68.0147 9.2098 38.8973 65.8559 83.0000 138.0580 85.3288 46.9574 54.4059 55.6597 70.0071 48.0521 56.0022 31.4006 23.7697 25.0000 42.7200 43.2001 46.5188 31.9531 37.4833 38.2099 
9 22.3607 19.8494 16.6508 58.1378 58.0775 79.1012 80.0999 74.3303 43.9659 22.7431 9.0139 26.9258 32.0156 33.0341 32.0624 21.6333 13.6015 0.0000 10.0499 41.3038 29.4279 29.5169 70.0000 70.6045 22.3517 42.9418 68.6003 91.6624 151.6476 95.6033 59.3633 65.7951 67.1193 81.8413 58.8727 65.0250 42.1545 35.3553 36.7151 54.1295 54.5825 58.8303 43.9090 50.9902 51.7397 
96 27.5862 26.9258 24.6221 68.0661 68.0294 89.0505 90.0500 84.2140 47.0106 28.8141 10.2591 26.0000 34.7851 35.8922 35.1141 27.8029 20.5913 10.0499 0.0000 40.3113 31.7648 32.0039 63.6318 64.1405 27.5793 38.3275 62.2656 101.4938 157.2895 105.0190 67.5352 74.6726 75.9605 90.4710 68.0074 74.7412 51.2445 44.0114 45.3100 62.9682 63.4370 67.0820 52.3927 57.4891 58.1378 
116 25.8070 31.6228 34.7311 73.0616 73.5731 91.7878 92.7038 86.0058 18.0278 28.1114 32.5615 66.1891 73.2462 74.2849 73.3348 28.6007 32.6956 41.3038 40.3113 0.0000 15.6205 15.9452 39.9249 40.8534 25.8151 15.2971 38.6264 100.5783 126.0357 98.1529 55.7315 66.4906 67.2681 78.1025 63.2456 75.0417 50.6063 43.2666 43.5660 56.9210 57.3956 55.9017 47.0106 39.1152 39.0512 
116 10.2956 16.1245 19.5000 58.6003 59.0339 78.1089 79.0569 72.4224 15.2643 12.5000 22.0057 56.0446 61.1310 62.0987 61.0737 13.0384 18.2483 29.4279 31.7648 15.6205 0.0000 0.5000 54.2033 55.0727 10.3044 26.5707 52.8394 87.8635 126.5741 87.0517 45.0999 55.0364 56.0089 68.4690 50.6360 61.5406 36.4005 28.6356 29.1548 44.4072 44.9027 45.0444 33.7343 30.3645 30.6757 
83 10.0623 15.8824 19.3132 58.1485 58.5854 77.6354 78.5828 71.9462 15.0083 12.2066 22.1923 56.1805 61.1658 62.1289 61.1003 12.7769 18.1728 29.5169 32.0039 15.9452 0.5000 0.0000 54.6374 55.5090 10.0713 27.0416 53.2752 87.3742 126.2230 86.5520 44.6010 54.5367 55.5090 67.9724 50.1423 61.0614 35.9340 28.1824 28.6923 43.9118 44.4072 44.5449 33.2453 29.8873 30.2035 
41 63.2456 68.6003 70.6771 112.7120 113.1769 131.7004 132.6198 125.9246 56.7539 65.8730 61.4593 87.0919 97.9439 99.0618 98.3870 66.0303 67.2681 70.0000 63.6318 39.9249 54.2033 54.6374 0.0000 1.0000 63.2512 28.4253 1.4142 140.4066 149.8833 137.3172 95.0789 106.0424 106.7380 116.5590 103.1213 114.9620 90.3383 82.7647 83.1865 96.7988 97.2690 95.3362 86.9253 78.1025 77.8781 
645 64.0703 69.4046 71.4510 113.6002 114.0614 132.6198 133.5403 126.8464 57.7235 66.7027 62.0987 87.4643 98.3870 99.5050 98.8383 66.8506 68.0147 70.6045 64.1405 40.8534 55.0727 55.5090 1.0000 0.0000 64.0759 29.2062 2.2361 141.3542 150.7912 138.2932 96.0469 107.0047 107.7033 117.5457 104.0625 115.8846 91.2360 83.6481 84.0773 97.7394 98.2102 96.3016 87.8465 79.0759 78.8543 
694 0.0100 5.8224 9.3311 50.5933 50.9182 70.8285 71.8031 65.3050 22.2135 2.6889 17.3499 49.2352 52.7632 53.6674 52.6019 2.8214 9.2098 22.3517 27.5793 25.8151 10.3044 10.0713 63.2512 64.0759 0.0000 34.9909 61.8603 81.4974 129.8421 82.2199 41.7641 50.4890 51.6252 65.2560 45.0113 54.6633 29.2732 21.2118 22.0898 39.1160 39.6145 41.4876 28.0721 30.0060 30.6167 
573 34.9857 40.2244 42.2522 85.0882 85.4927 104.6757 105.6220 98.9798 33.2415 37.6464 34.0478 63.7887 73.0821 74.1839 73.3757 37.7359 38.8973 42.9418 38.3275 15.2971 26.5707 27.0416 28.4253 29.2062 34.9909 0.0000 27.0185 114.2366 139.8463 112.6410 70.2567 80.7527 81.6149 93.0054 76.9025 88.0809 62.9682 55.1543 55.7136 70.6116 71.1003 70.3491 60.1664 54.0000 54.0093 
1 61.8547 67.2012 69.2694 111.3643 111.8258 130.3879 131.3088 124.6154 55.5428 64.4845 60.0521 85.7963 96.6075 97.7254 97.0464 64.6375 65.8559 68.6003 62.2656 38.6264 52.8394 53.2752 1.4142 2.2361 61.8603 27.0185 0.0000 139.1402 149.4021 136.1249 93.8616 104.8094 105.5130 115.4123 101.8430 113.6541 89.0000 81.4125 81.8413 95.5196 95.9909 94.1116 85.6154 76.9025 76.6877 
181 81.4985 78.1025 78.5000 33.7343 33.9559 13.8924 13.0384 17.4642 83.9345 78.9066 94.0332 107.2241 99.7447 99.7309 98.8433 79.3095 83.0000 91.6624 101.4938 100.5783 87.8635 87.3742 140.4066 141.3542 81.4974 114.2366 139.1402 0.0000 108.0417 15.0333 46.0652 34.8855 34.4819 31.6228 37.3631 27.0046 52.2398 60.2993 59.4138 43.6807 43.2001 45.6180 54.1295 63.0714 63.5059 
106 129.8345 131.8218 135.3006 120.5031 121.4578 115.9741 115.8490 113.7717 111.7587 129.0048 147.0349 177.6288 177.3415 177.9333 176.8191 130.0961 138.0580 151.6476 157.2895 126.0357 126.5741 126.2230 149.8833 150.7912 129.8421 139.8463 149.4021 108.0417 0.0000 93.0215 97.4936 98.0816 96.7988 84.6463 105.4751 111.6076 116.7647 119.8874 118.5116 106.0236 105.8123 98.3870 112.0045 100.8018 100.0000 
52 82.2192 79.7621 80.9027 40.4969 41.0488 25.5539 25.0599 26.1725 80.6040 79.8076 96.5984 114.0395 107.9120 108.0336 107.0701 80.3990 85.3288 95.6033 105.0190 98.1529 87.0517 86.5520 137.3172 138.2932 82.2199 112.6410 136.1249 15.0333 93.0215 0.0000 42.4264 32.0156 31.0644 21.9545 37.3363 31.5317 53.9351 61.6604 60.5310 43.1045 42.6058 42.2966 54.1479 59.2284 59.4390 
117 41.7612 40.7185 42.9796 29.1204 30.0832 40.3113 41.0366 34.6554 38.3275 39.6894 57.9763 82.7587 80.6040 81.1002 80.0000 40.4969 46.9574 59.3633 67.5352 55.7315 45.0999 44.6010 95.0789 96.0469 41.7641 70.2567 93.8616 46.0652 97.4936 42.4264 0.0000 11.1803 11.7047 23.5372 12.0830 24.8244 19.4165 24.2074 22.8035 9.0554 9.0139 1.0000 15.6205 17.0880 17.4642 
52 50.4876 48.5077 50.1224 23.0868 24.0832 29.8329 30.4795 24.4131 49.3356 48.1690 65.6601 87.2009 83.4386 83.7989 82.7345 48.8365 54.4059 65.7951 74.6726 66.4906 55.0364 54.5367 106.0424 107.0047 50.4890 80.7527 104.8094 34.8855 98.0816 32.0156 11.1803 0.0000 1.4142 16.4012 7.8102 16.0078 23.7065 30.6757 29.4109 11.7047 11.2361 10.7703 22.5610 28.2312 28.6356 
1300 51.6236 49.7293 51.3931 24.1868 25.1794 30.0000 30.6105 24.6982 50.0000 49.3280 66.9048 88.6002 84.8528 85.2130 84.1487 50.0100 55.6597 67.1193 75.9605 67.2681 56.0089 55.5090 106.7380 107.7033 51.6252 81.6149 105.5130 34.4819 96.7988 31.0644 11.7047 1.4142 0.0000 15.0000 9.2195 16.7705 25.0599 31.9531 30.6757 13.0000 12.5399 11.4018 23.7697 28.7924 29.1548 
57 65.2534 63.9062 65.8502 36.2491 37.1618 33.5410 33.7343 30.0167 60.2080 63.1209 81.1680 103.6002 99.7246 100.0612 99.0051 63.8905 70.0071 81.8413 90.4710 78.1025 68.4690 67.9724 116.5590 117.5457 65.2560 93.0054 115.4123 31.6228 84.6463 21.9545 23.5372 16.4012 15.0000 0.0000 24.0832 27.0416 39.9625 46.5188 45.1885 27.7849 27.3542 23.7697 38.0789 39.0128 39.0512 
28 45.0111 42.4264 43.6606 17.2627 18.2483 29.4109 30.2324 23.6008 46.9574 42.5470 59.3317 79.6304 75.6637 76.0148 74.9533 43.1045 48.0521 58.8727 68.0074 63.2456 50.6360 50.1423 103.1213 104.0625 45.0113 76.9025 101.8430 37.3631 105.4751 37.3363 12.0830 7.8102 9.2195 24.0832 0.0000 13.0863 16.7631 24.3311 23.1948 6.3246 5.8523 11.1803 17.0294 27.0185 27.6586 
84 54.6649 51.1200 51.5024 9.6047 10.4043 16.7705 17.6706 10.9659 59.4243 52.0433 67.0671 82.5121 76.5588 76.7235 75.7380 52.4047 56.0022 65.0250 74.7412 75.0417 61.5406 61.0614 114.9620 115.8846 54.6633 88.0809 113.6541 27.0046 111.6076 31.5317 24.8244 16.0078 16.7705 27.0416 13.0863 0.0000 25.4018 33.4552 32.6535 18.9011 18.5068 24.0052 28.0401 40.0281 40.6971 
1 29.2746 26.0192 26.9676 22.4722 23.0217 41.7612 42.7200 36.1386 36.7696 26.6693 42.6644 63.8905 61.2209 61.7029 60.6053 27.0740 31.4006 42.1545 51.2445 50.6063 36.4005 35.9340 90.3383 91.2360 29.2732 62.9682 89.0000 52.2398 116.7647 53.9351 19.4165 23.7065 25.0599 39.9625 16.7631 25.4018 0.0000 8.0623 7.2801 12.2066 12.6194 18.6011 6.0828 22.5610 23.5372 
54 21.2132 18.1108 19.4487 29.9666 30.4138 49.7293 50.6952 44.1475 30.8058 18.6078 35.0464 58.6941 57.4543 58.0539 56.9386 19.0263 23.7697 35.3553 44.0114 43.2666 28.6356 28.1824 82.7647 83.6481 21.2118 55.1543 81.4125 60.2993 119.8874 61.6604 24.2074 30.6757 31.9531 46.5188 24.3311 33.4552 8.0623 0.0000 1.4142 18.9737 19.4487 23.6008 8.6023 21.2132 22.2036 
19 22.0907 19.2354 20.7183 29.5296 30.0167 49.0408 50.0000 43.4166 30.6105 19.5256 36.2664 60.1082 58.8303 59.4243 58.3095 20.0000 25.0000 36.7151 45.3100 43.5660 29.1548 28.6923 83.1865 84.0773 22.0898 55.7136 81.8413 59.4138 118.5116 60.5310 22.8035 29.4109 30.6757 45.1885 23.1948 32.6535 7.2801 1.4142 0.0000 17.7200 18.2003 22.2036 7.2111 20.0998 21.0950 
88 39.1152 36.8782 38.4220 21.0238 21.9317 35.5106 36.3593 29.6816 40.7063 36.7185 53.9838 76.0592 73.0000 73.4319 72.3464 37.3363 42.7200 54.1295 62.9682 56.9210 44.4072 43.9118 96.7988 97.7394 39.1160 70.6116 95.5196 43.6807 106.0236 43.1045 9.0554 11.7047 13.0000 27.7849 6.3246 18.9011 12.2066 18.9737 17.7200 0.0000 0.5000 8.0623 11.0454 21.2132 21.9317 
41 39.6138 37.3664 38.8973 20.8147 21.7313 35.0892 35.9340 29.2617 41.1491 37.2156 54.4656 76.4477 73.3297 73.7564 72.6722 37.8319 43.2001 54.5825 63.4370 57.3956 44.9027 44.4072 97.2690 98.2102 39.6145 71.1003 95.9909 43.2001 105.8123 42.6058 9.0139 11.2361 12.5399 27.3542 5.8523 18.5068 12.6194 19.4487 18.2003 0.5000 0.0000 8.0156 11.5434 21.5697 22.2767 
238 41.4849 40.3113 42.5000 28.1603 29.1204 39.6232 40.3609 33.9411 38.6005 39.3732 57.5782 82.0731 79.8123 80.3010 79.2023 40.1622 46.5188 58.8303 67.0820 55.9017 45.0444 44.5449 95.3362 96.3016 41.4876 70.3491 94.1116 45.6180 98.3870 42.2966 1.0000 10.7703 11.4018 23.7697 11.1803 24.0052 18.6011 23.6008 22.2036 8.0623 8.0156 0.0000 15.0000 17.4642 17.8885 
66 28.0713 25.9615 27.7714 26.9072 27.5862 44.7772 45.6946 39.0000 32.0156 25.6759 43.1654 67.1789 65.4599 66.0095 64.8999 26.3059 31.9531 43.9090 52.3927 47.0106 33.7343 33.2453 86.9253 87.8465 28.0721 60.1664 85.6154 54.1295 112.0045 54.1479 15.6205 22.5610 23.7697 38.0789 17.0294 28.0401 6.0828 8.6023 7.2111 11.0454 11.5434 15.0000 0.0000 16.4924 17.4642 
44 30.0000 31.1448 34.5145 41.6173 42.4382 56.4004 57.2014 50.6063 21.3776 28.6923 47.3207 76.8440 77.3886 78.0849 76.9675 29.7321 37.4833 50.9902 57.4891 39.1152 30.3645 29.8873 78.1025 79.0759 30.0060 54.0000 76.9025 63.0714 100.8018 59.2284 17.0880 28.2312 28.7924 39.0128 27.0185 40.0281 22.5610 21.2132 20.0998 21.2132 21.5697 17.4642 16.4924 0.0000 1.0000 
42 30.6105 31.8904 35.3023 42.4382 43.2666 57.0088 57.8014 51.2250 21.2132 29.3641 47.9505 77.6660 78.2943 78.9953 77.8781 30.4138 38.2099 51.7397 58.1378 39.0512 30.6757 30.2035 77.8781 78.8543 30.6167 54.0093 76.6877 63.5059 100.0000 59.4390 17.4642 28.6356 29.1548 39.0512 27.6586 40.6971 23.5372 22.2036 21.0950 21.9317 22.2767 17.8885 17.4642 1.0000 0.0000 
